554
557
559
1317
1380
1578
1581
1583
2602
2605
2607
3262
3626
3629
3631
4650
4653
4655
5674
5677
5679
6698
6701
6703
7347
7350
7358
7722
7725
7727
7731
7735
8746
8749
8751
9572
9770
9773
9775
10794
10797
10799
11454
11818
11821
11823
12842
12845
12847
13866
13869
13871
14890
14893
14895
15539
15542
15550
15859
15914
15917
15919
15923
15927
16371
16938
16941
16943
17701
17764
17829
17962
17965
17967
18986
18989
18991
19646
19877
20010
20013
20015
21034
21037
21039
21925
22058
22061
22063
23082
23085
23087
23731
23734
23742
23973
23987
24106
24109
24111
24115
24119
24499
25130
25133
25135
25956
26154
26157
26159
27178
27181
27183
27838
28202
28205
28207
29226
29229
29231
30250
30253
30255
31274
31277
31279
31923
31926
31934
32298
32301
32303
32307
32311
33322
33325
33327
34085
34148
34346
34349
34351
35370
35373
35375
36030
36394
36397
36399
37418
37421
37423
38442
38445
38447
39466
39469
39471
40115
40118
40126
40490
40493
40495
40499
40503
41514
41517
41519
42340
42538
42541
42543
43562
43565
43567
44222
44586
44589
44591
45610
45613
45615
46634
46637
46639
47658
47661
47663
48307
48310
48318
48627
48682
48685
48687
48691
48695
49139
49706
49709
49711
50469
50532
50730
50733
50735
51754
51757
51759
52414
52778
52781
52783
53802
53805
53807
54826
54829
54831
55850
55853
55855
56499
56502
56510
56874
56877
56879
56883
56887
57898
57901
57903
58724
58922
58925
58927
59946
59949
59951
60606
60970
60973
60975
61994
61997
61999
63018
63021
63023
64042
64045
64047
64691
64694
64702
65066
65069
65071
65075
65079